California:
approve:0.6267000040781416, 0.5402976422158386, 0.5491004603168703, 0.589474694505096, 0.6937027311897168, 0.7461745699499895, 0.7141437289808582, 0.6054820869941657, 0.6560269970254884, 0.5951125822188522, 0.5076328347806706, 0.4003145010166112, 0.5822633882070467, 0.5153797149244006, 0.5400098440936766
vaccinated: 0.11989492266227987
Florida:
approve:0.5133975658333382, 0.5859562831182584, 0.5250736116273588, 0.561673475527976, 0.6345845028320527, 0.6447000119989795, 0.6581439533598632, 0.5237062961163838, 0.5380445984498081, 0.464372257959636, 0.42944791865615217, 0.4300163744183409, 0.4305848301805296, 0.4216868623190275, 0.3905181509062849
vaccinated: 0.1008699084633258
